name: Attgan
channels:
  - pytorch
  - conda-forge
  - defaults
dependencies:
  - _pytorch_select=0.1=cpu_0
  - blas=1.0=mkl
  - blosc=1.20.1=ha925a31_0
  - brotli=1.0.9=ha925a31_3
  - bzip2=1.0.8=he774522_3
  - ca-certificates=2020.11.8=h5b45459_0
  - certifi=2020.11.8=py36ha15d459_0
  - cffi=1.14.3=py36h2e103f8_1
  - charls=2.1.0=h33f27b4_2
  - cloudpickle=1.6.0=py_0
  - cudatoolkit=10.1.243=h74a9793_0
  - cycler=0.10.0=py_2
  - cytoolz=0.11.0=py36h779f372_1
  - dask-core=2.30.0=py_0
  - decorator=4.4.2=py_0
  - easydict=1.9=py_0
  - freetype=2.10.4=h546665d_0
  - giflib=5.2.1=h8d14728_2
  - imagecodecs=2020.5.30=py36hca148c3_4
  - imageio=2.9.0=py_0
  - intel-openmp=2020.3=h57928b3_311
  - jpeg=9d=h8ffe710_0
  - jxrlib=1.1=hfa6e2cd_2
  - kiwisolver=1.3.1=py36he95197e_0
  - lcms2=2.11=h6a326e1_1
  - lerc=2.2=ha925a31_0
  - libaec=1.0.4=he025d50_1
  - libblas=3.8.0=21_mkl
  - libcblas=3.8.0=21_mkl
  - liblapack=3.8.0=21_mkl
  - libpng=1.6.37=h1d00b33_2
  - libtiff=4.1.0=hc10be44_6
  - libwebp-base=1.1.0=h8ffe710_3
  - libzopfli=1.0.3=ha925a31_0
  - lz4-c=1.9.2=h62dcd97_2
  - m2w64-gcc-libgfortran=5.3.0=6
  - m2w64-gcc-libs=5.3.0=7
  - m2w64-gcc-libs-core=5.3.0=7
  - m2w64-gmp=6.1.0=2
  - m2w64-libwinpthread-git=5.0.0.4634.697f757=2
  - matplotlib-base=3.3.3=py36h1abdf75_0
  - mkl=2020.4=hb70f87d_311
  - mkl-service=2.3.0=py36h779f372_2
  - msys2-conda-epoch=20160418=1
  - networkx=2.5=py_0
  - ninja=1.10.1=h587dcfd_2
  - nltk=3.4.4=py_0
  - numpy=1.19.4=py36hd1b969e_1
  - olefile=0.46=pyh9f0ad1d_1
  - openjpeg=2.3.1=h57dd2e7_3
  - pandas=1.1.4=py36he38d939_0
  - pillow=8.0.1=py36ha0524ae_0
  - pip=20.2.4=py_0
  - pycparser=2.20=pyh9f0ad1d_2
  - pyparsing=2.4.7=pyh9f0ad1d_0
  - python=3.6.11=h6f26aa1_2_cpython
  - python-dateutil=2.8.1=py_0
  - python_abi=3.6=1_cp36m
  - pytorch=1.4.0=py3.6_cuda101_cudnn7_0
  - pytz=2020.4=pyhd8ed1ab_0
  - pywavelets=1.1.1=py36h4f3e613_3
  - pyyaml=5.3.1=py36hc753bc4_1
  - scikit-image=0.17.2=py36he38d939_4
  - scipy=1.5.3=py36h7ff6e69_0
  - setuptools=49.6.0=py36hd36e781_2
  - six=1.15.0=pyh9f0ad1d_0
  - snappy=1.1.8=ha925a31_3
  - sqlite=3.33.0=he774522_1
  - tifffile=2020.7.4=py_0
  - tk=8.6.10=he774522_1
  - toolz=0.11.1=py_0
  - torchfile=0.1.0=py_0
  - torchvision=0.5.0=py36_cu101
  - tornado=6.1=py36h68aa20f_0
  - vc=14.1=h869be7e_1
  - vs2008_runtime=9.0.30729.6161=0
  - vs2015_runtime=14.16.27012=h30e32a0_2
  - wheel=0.35.1=pyh9f0ad1d_0
  - wincertstore=0.2=py36h9f0ad1d_1005
  - xz=5.2.5=h62dcd97_1
  - yaml=0.2.5=he774522_0
  - zfp=0.5.5=ha925a31_4
  - zlib=1.2.11=h62dcd97_1010
  - zstd=1.4.5=h1f3a1b7_2
